0 0.923750 0.937500 0.010000 0.010000
0 0.672500 0.928750 0.010000 0.010000
0 0.765000 0.085000 0.010000 0.010000
0 0.173750 0.912500 0.010000 0.010000
0 0.516250 0.908750 0.010000 0.010000
0 0.620000 0.940000 0.010000 0.010000
0 0.086250 0.100000 0.010000 0.010000
0 0.195000 0.961250 0.010000 0.010000
0 0.742500 0.627500 0.010000 0.010000
0 0.127500 0.907500 0.010000 0.010000
0 0.010000 0.962500 0.010000 0.010000
0 0.650000 0.717500 0.010000 0.010000
0 0.283750 0.720000 0.010000 0.010000
0 0.335000 0.085000 0.010000 0.010000
0 0.050000 0.962500 0.010000 0.010000
0 0.340000 0.931250 0.010000 0.010000
0 0.945000 0.961250 0.010000 0.010000
0 0.995000 0.005000 0.010000 0.010000
0 0.446250 0.915000 0.010000 0.010000
0 0.032500 0.922500 0.010000 0.010000
0 0.641250 0.695000 0.010000 0.010000
0 0.723750 0.708750 0.010000 0.010000
0 0.550000 0.895000 0.010000 0.010000
0 0.053750 0.922500 0.010000 0.010000
0 0.241250 0.917500 0.010000 0.010000
0 0.797500 0.892500 0.010000 0.010000
0 0.237500 0.892500 0.010000 0.010000
0 0.390000 0.902500 0.010000 0.010000
0 0.400000 0.003750 0.010000 0.010000
0 0.878750 0.161250 0.010000 0.010000
0 0.081250 0.905000 0.010000 0.010000
0 0.710000 0.093750 0.010000 0.010000
0 0.665000 0.003750 0.010000 0.010000
0 0.585000 0.695000 0.010000 0.010000
0 0.862500 0.927500 0.010000 0.010000
0 0.766250 0.960000 0.010000 0.010000
0 0.687500 0.692500 0.010000 0.010000
0 0.561250 0.692500 0.010000 0.010000
0 0.046250 0.930000 0.010000 0.010000
0 0.207500 0.960000 0.010000 0.010000
0 0.730000 0.230000 0.010000 0.010000
0 0.942500 0.027500 0.010000 0.010000
0 0.056250 0.885000 0.010000 0.010000
0 0.922500 0.821250 0.010000 0.010000
0 0.815000 0.995000 0.010000 0.010000
0 0.025000 0.823750 0.010000 0.010000
0 0.133750 0.062500 0.010000 0.010000
0 0.315000 0.042500 0.010000 0.010000
0 0.972500 0.061250 0.010000 0.010000
0 0.115000 0.041250 0.010000 0.010000
0 0.392500 0.768750 0.010000 0.010000
0 0.396250 0.067500 0.010000 0.010000
0 0.452500 0.757500 0.010000 0.010000
0 0.497500 0.066250 0.010000 0.010000
0 0.158750 0.987500 0.010000 0.010000
0 0.850000 0.986250 0.010000 0.010000
0 0.475000 0.061250 0.010000 0.010000
0 0.900000 0.016250 0.010000 0.010000
0 0.161250 0.047500 0.010000 0.010000
0 0.362500 0.782500 0.010000 0.010000
0 0.527500 0.801250 0.010000 0.010000
0 0.413750 0.807500 0.010000 0.010000
0 0.412500 0.798750 0.010000 0.010000
0 0.106250 0.052500 0.010000 0.010000
0 0.005000 0.055000 0.010000 0.010000
0 0.241250 0.807500 0.010000 0.010000
0 0.995000 0.022500 0.010000 0.010000
0 0.455000 0.038750 0.010000 0.010000
0 0.702500 0.792500 0.010000 0.010000
0 0.357500 0.790000 0.010000 0.010000
0 0.075000 0.060000 0.010000 0.010000
0 0.427500 0.058750 0.010000 0.010000
0 0.038750 0.785000 0.010000 0.010000
0 0.462500 0.058750 0.010000 0.010000
0 0.228750 0.812500 0.010000 0.010000
0 0.743750 0.032500 0.010000 0.010000
0 0.100000 0.791250 0.010000 0.010000
0 0.066250 0.885000 0.010000 0.010000
0 0.275000 0.840000 0.010000 0.010000
0 0.978750 0.036250 0.010000 0.010000
0 0.906250 0.865000 0.010000 0.010000
0 0.965000 0.865000 0.010000 0.010000
0 0.200000 0.971250 0.010000 0.010000
0 0.010000 0.735000 0.010000 0.010000
0 0.076250 0.022500 0.010000 0.010000
0 0.825000 0.020000 0.010000 0.010000
0 0.727500 0.017500 0.010000 0.010000
0 0.227500 0.877500 0.010000 0.010000
0 0.112500 0.728750 0.010000 0.010000
0 0.170000 0.885000 0.010000 0.010000
0 0.008750 0.727500 0.010000 0.010000
0 0.882500 0.120000 0.010000 0.010000
0 0.692500 0.077500 0.010000 0.010000
0 0.475000 0.883750 0.010000 0.010000
0 0.385000 0.722500 0.010000 0.010000
0 0.457500 0.970000 0.010000 0.010000
0 0.922500 0.856250 0.010000 0.010000
0 0.791250 0.106250 0.010000 0.010000
0 0.690000 0.037500 0.010000 0.010000
0 0.087500 0.842500 0.010000 0.010000
0 0.753750 0.235000 0.010000 0.010000
0 0.565000 0.845000 0.010000 0.010000
0 0.512500 0.981250 0.010000 0.010000
0 0.391250 0.847500 0.010000 0.010000
0 0.106250 0.033750 0.010000 0.010000
0 0.480000 0.068750 0.010000 0.010000
0 0.580000 0.031250 0.010000 0.010000
0 0.505000 0.852500 0.010000 0.010000
0 0.588750 0.977500 0.010000 0.010000
0 0.880000 0.853750 0.010000 0.010000
0 0.007500 0.855000 0.010000 0.010000
0 0.371250 0.855000 0.010000 0.010000
0 0.922500 0.741250 0.010000 0.010000
0 0.986250 0.028750 0.010000 0.010000
0 0.105000 0.977500 0.010000 0.010000
0 0.886250 0.332500 0.010000 0.010000
0 0.663750 0.130000 0.010000 0.010000
0 0.333750 0.105000 0.010000 0.010000
0 0.840000 0.498750 0.010000 0.010000
0 0.275000 0.500000 0.010000 0.010000
0 0.916250 0.497500 0.010000 0.010000
0 0.805000 0.492500 0.010000 0.010000
0 0.572500 0.492500 0.010000 0.010000
0 0.117500 0.210000 0.010000 0.010000
0 0.900000 0.211250 0.010000 0.010000
0 0.121250 0.692500 0.010000 0.010000
0 0.352500 0.481250 0.010000 0.010000
0 0.677500 0.475000 0.010000 0.010000
0 0.127500 0.687500 0.010000 0.010000
0 0.940000 0.472500 0.010000 0.010000
0 0.032500 0.221250 0.010000 0.010000
0 0.106250 0.465000 0.010000 0.010000
0 0.181250 0.222500 0.010000 0.010000
0 0.700000 0.457500 0.010000 0.010000
0 0.145000 0.456250 0.010000 0.010000
0 0.450000 0.228750 0.010000 0.010000
0 0.712500 0.232500 0.010000 0.010000
0 0.658750 0.450000 0.010000 0.010000
0 0.530000 0.448750 0.010000 0.010000
0 0.458750 0.446250 0.010000 0.010000
0 0.213750 0.218750 0.010000 0.010000
0 0.175000 0.207500 0.010000 0.010000
0 0.452500 0.503750 0.010000 0.010000
0 0.222500 0.205000 0.010000 0.010000
0 0.987500 0.181250 0.010000 0.010000
0 0.845000 0.547500 0.010000 0.010000
0 0.810000 0.547500 0.010000 0.010000
0 0.156250 0.547500 0.010000 0.010000
0 0.946250 0.545000 0.010000 0.010000
0 0.862500 0.542500 0.010000 0.010000
0 0.617500 0.543750 0.010000 0.010000
0 0.510000 0.542500 0.010000 0.010000
0 0.138750 0.186250 0.010000 0.010000
0 0.065000 0.538750 0.010000 0.010000
0 0.740000 0.535000 0.010000 0.010000
0 0.085000 0.535000 0.010000 0.010000
0 0.746250 0.588750 0.010000 0.010000
0 0.288750 0.528750 0.010000 0.010000
0 0.757500 0.195000 0.010000 0.010000
0 0.962500 0.525000 0.010000 0.010000
0 0.473750 0.525000 0.010000 0.010000
0 0.436250 0.525000 0.010000 0.010000
0 0.767500 0.520000 0.010000 0.010000
0 0.371250 0.201250 0.010000 0.010000
0 0.496250 0.512500 0.010000 0.010000
0 0.736250 0.205000 0.010000 0.010000
0 0.085000 0.233750 0.010000 0.010000
0 0.781250 0.442500 0.010000 0.010000
0 0.367500 0.440000 0.010000 0.010000
0 0.797500 0.380000 0.010000 0.010000
0 0.843750 0.285000 0.010000 0.010000
0 0.522500 0.286250 0.010000 0.010000
0 0.523750 0.367500 0.010000 0.010000
0 0.872500 0.295000 0.010000 0.010000
0 0.245000 0.366250 0.010000 0.010000
0 0.198750 0.240000 0.010000 0.010000
0 0.638750 0.302500 0.010000 0.010000
0 0.811250 0.302500 0.010000 0.010000
0 0.030000 0.310000 0.010000 0.010000
0 0.577500 0.355000 0.010000 0.010000
0 0.208750 0.350000 0.010000 0.010000
0 0.525000 0.345000 0.010000 0.010000
0 0.195000 0.345000 0.010000 0.010000
0 0.637500 0.342500 0.010000 0.010000
0 0.525000 0.320000 0.010000 0.010000
0 0.097500 0.341250 0.010000 0.010000
0 0.262500 0.041250 0.010000 0.010000
0 0.172500 0.326250 0.010000 0.010000
0 0.295000 0.331250 0.010000 0.010000
0 0.570000 0.332500 0.010000 0.010000
0 0.341250 0.553750 0.010000 0.010000
0 0.288750 0.275000 0.010000 0.010000
0 0.093750 0.390000 0.010000 0.010000
0 0.895000 0.437500 0.010000 0.010000
0 0.985000 0.436250 0.010000 0.010000
0 0.015000 0.436250 0.010000 0.010000
0 0.730000 0.237500 0.010000 0.010000
0 0.702500 0.432500 0.010000 0.010000
0 0.365000 0.423750 0.010000 0.010000
0 0.546250 0.245000 0.010000 0.010000
0 0.337500 0.422500 0.010000 0.010000
0 0.715000 0.245000 0.010000 0.010000
0 0.996250 0.418750 0.010000 0.010000
0 0.087500 0.412500 0.010000 0.010000
0 0.647500 0.172500 0.010000 0.010000
0 0.596250 0.256250 0.010000 0.010000
0 0.746250 0.407500 0.010000 0.010000
0 0.486250 0.403750 0.010000 0.010000
0 0.693750 0.265000 0.010000 0.010000
0 0.020000 0.853750 0.010000 0.010000
0 0.826250 0.267500 0.010000 0.010000
0 0.976250 0.397500 0.010000 0.010000
0 0.002500 0.871250 0.010000 0.010000
0 0.380000 0.390000 0.010000 0.010000
0 0.662500 0.387500 0.010000 0.010000
0 0.643750 0.555000 0.010000 0.010000
0 0.221250 0.500000 0.010000 0.010000
0 0.621250 0.180000 0.010000 0.010000
0 0.817500 0.647500 0.010000 0.010000
0 0.341250 0.362500 0.010000 0.010000
0 0.336250 0.647500 0.010000 0.010000
0 0.273750 0.645000 0.010000 0.010000
0 0.748750 0.127500 0.010000 0.010000
0 0.722500 0.642500 0.010000 0.010000
0 0.712500 0.376250 0.010000 0.010000
0 0.735000 0.180000 0.010000 0.010000
0 0.245000 0.640000 0.010000 0.010000
0 0.920000 0.640000 0.010000 0.010000
0 0.882500 0.652500 0.010000 0.010000
0 0.273750 0.637500 0.010000 0.010000
0 0.947500 0.130000 0.010000 0.010000
0 0.325000 0.635000 0.010000 0.010000
0 0.412500 0.635000 0.010000 0.010000
0 0.500000 0.632500 0.010000 0.010000
0 0.715000 0.410000 0.010000 0.010000
0 0.222500 0.625000 0.010000 0.010000
0 0.771250 0.622500 0.010000 0.010000
0 0.511250 0.622500 0.010000 0.010000
0 0.405000 0.621250 0.010000 0.010000
0 0.826250 0.332500 0.010000 0.010000
0 0.452500 0.620000 0.010000 0.010000
0 0.890000 0.340000 0.010000 0.010000
0 0.358750 0.657500 0.010000 0.010000
0 0.360000 0.105000 0.010000 0.010000
0 0.955000 0.106250 0.010000 0.010000
0 0.097500 0.107500 0.010000 0.010000
0 0.353750 0.685000 0.010000 0.010000
0 0.980000 0.107500 0.010000 0.010000
0 0.870000 0.107500 0.010000 0.010000
0 0.018750 0.682500 0.010000 0.010000
0 0.472500 0.677500 0.010000 0.010000
0 0.461250 0.677500 0.010000 0.010000
0 0.310000 0.676250 0.010000 0.010000
0 0.070000 0.128750 0.010000 0.010000
0 0.022500 0.673750 0.010000 0.010000
0 0.662500 0.670000 0.010000 0.010000
0 0.092500 0.113750 0.010000 0.010000
0 0.810000 0.115000 0.010000 0.010000
0 0.236250 0.115000 0.010000 0.010000
0 0.717500 0.302500 0.010000 0.010000
0 0.625000 0.115000 0.010000 0.010000
0 0.420000 0.117500 0.010000 0.010000
0 0.380000 0.666250 0.010000 0.010000
0 0.737500 0.665000 0.010000 0.010000
0 0.931250 0.671250 0.010000 0.010000
0 0.412500 0.617500 0.010000 0.010000
0 0.352500 0.005000 0.010000 0.010000
0 0.925000 0.580000 0.010000 0.010000
0 0.245000 0.155000 0.010000 0.010000
0 0.945000 0.582500 0.010000 0.010000
0 0.237500 0.600000 0.010000 0.010000
0 0.245000 0.581250 0.010000 0.010000
0 0.325000 0.151250 0.010000 0.010000
0 0.325000 0.593750 0.010000 0.010000
0 0.295000 0.172500 0.010000 0.010000
0 0.625000 0.505000 0.010000 0.010000
0 0.585000 0.567500 0.010000 0.010000
0 0.235000 0.612500 0.010000 0.010000
0 0.716250 0.155000 0.010000 0.010000
0 0.565000 0.175000 0.010000 0.010000
0 0.627500 0.138750 0.010000 0.010000
0 0.582500 0.157500 0.010000 0.010000
0 0.530000 0.158750 0.010000 0.010000
0 0.105000 0.017500 0.011250 0.011250
0 0.117500 0.540000 0.011250 0.011250
0 0.337500 0.015000 0.011250 0.011250
0 0.360000 0.277500 0.011250 0.011250
0 0.520000 0.160000 0.011250 0.011250
0 0.010000 0.815000 0.011250 0.011250
0 0.332500 0.527500 0.011250 0.011250
0 0.560000 0.117500 0.011250 0.011250
0 0.385000 0.090000 0.011250 0.011250
0 0.252500 0.062500 0.011250 0.011250
0 0.580000 0.665000 0.011250 0.011250
0 0.305000 0.882500 0.011250 0.011250
0 0.065000 0.285000 0.011250 0.011250
0 0.455000 0.710000 0.011250 0.011250
0 0.065000 0.662500 0.011250 0.011250
0 0.420000 0.160000 0.011250 0.011250
0 0.170000 0.655000 0.011250 0.011250
0 0.782500 0.260000 0.011250 0.011250
0 0.220000 0.767500 0.011250 0.011250
0 0.190000 0.710000 0.011250 0.011250
0 0.527500 0.495000 0.011250 0.011250
0 0.585000 0.287500 0.011250 0.011250
0 0.320000 0.560000 0.011250 0.011250
0 0.585000 0.175000 0.011250 0.011250
0 0.932500 0.030000 0.011250 0.011250
0 0.735000 0.565000 0.011250 0.011250
0 0.650000 0.022500 0.011250 0.011250
0 0.800000 0.547500 0.011250 0.011250
0 0.987500 0.317500 0.011250 0.011250
0 0.800000 0.005000 0.010000 0.010000
0 0.327500 0.677500 0.011250 0.011250
0 0.037500 0.985000 0.011250 0.011250
0 0.602500 0.352500 0.011250 0.011250
0 0.490000 0.315000 0.011250 0.011250
0 0.052500 0.542500 0.011250 0.011250
0 0.550000 0.310000 0.011250 0.011250
0 0.265000 0.310000 0.011250 0.011250
0 0.027500 0.025000 0.011250 0.011250
0 0.390000 0.307500 0.011250 0.011250
0 0.977500 0.907500 0.011250 0.011250
0 0.782500 0.700000 0.011250 0.011250
0 0.162500 0.360000 0.011250 0.011250
0 0.445000 0.155000 0.011250 0.011250
0 0.565000 0.672500 0.011250 0.011250
0 0.852500 0.792500 0.011250 0.011250
0 0.352500 0.292500 0.011250 0.011250
0 0.927500 0.955000 0.011250 0.011250
0 0.320000 0.010000 0.011250 0.011250
0 0.360000 0.697500 0.011250 0.011250
0 0.100000 0.717500 0.011250 0.011250
0 0.475000 0.582500 0.011250 0.011250
0 0.110000 0.417500 0.011250 0.011250
0 0.952500 0.847500 0.011250 0.011250
0 0.687500 0.277500 0.011250 0.011250
0 0.137500 0.452500 0.011250 0.011250
0 0.097500 0.415000 0.011250 0.011250
0 0.290000 0.750000 0.011250 0.011250
0 0.670000 0.982500 0.011250 0.011250
0 0.610000 0.500000 0.011250 0.011250
0 0.770000 0.460000 0.011250 0.011250
0 0.980000 0.842500 0.011250 0.011250
0 0.885000 0.462500 0.011250 0.011250
0 0.487500 0.147500 0.011250 0.011250
0 0.587500 0.447500 0.011250 0.011250
0 0.857500 0.627500 0.011250 0.011250
0 0.575000 0.215000 0.011250 0.011250
0 0.052500 0.985000 0.011250 0.011250
0 0.270000 0.822500 0.011250 0.011250
0 0.542500 0.480000 0.011250 0.011250
0 0.585000 0.127500 0.011250 0.011250
0 0.825000 0.042500 0.011250 0.011250
0 0.760000 0.210000 0.011250 0.011250
0 0.135000 0.040000 0.011250 0.011250
0 0.465000 0.490000 0.011250 0.011250
0 0.637500 0.497500 0.011250 0.011250
0 0.552500 0.072500 0.011250 0.011250
0 0.450000 0.610000 0.011250 0.011250
0 0.067500 0.637500 0.011250 0.011250
0 0.277500 0.442500 0.011250 0.011250
0 0.747500 0.242500 0.011250 0.011250
0 0.972500 0.587500 0.011250 0.011250
0 0.915000 0.525000 0.011250 0.011250
0 0.970000 0.127500 0.011250 0.011250
0 0.270000 0.722500 0.011250 0.011250
0 0.357500 0.647500 0.011250 0.011250
0 0.442500 0.970000 0.011250 0.011250
0 0.655000 0.440000 0.011250 0.011250
0 0.920000 0.995000 0.011250 0.011250
0 0.767500 0.442500 0.011250 0.011250
0 0.540000 0.512500 0.011250 0.011250
0 0.010000 0.445000 0.011250 0.011250
0 0.697500 0.247500 0.011250 0.011250
0 0.477500 0.650000 0.011250 0.011250
0 0.317500 0.237500 0.011250 0.011250
0 0.960000 0.967500 0.012500 0.012500
0 0.437500 0.995000 0.012500 0.012500
0 0.176250 0.987500 0.012500 0.012500
0 0.983750 0.606250 0.012500 0.012500
0 0.145000 0.992500 0.012500 0.012500
0 0.268750 0.965000 0.012500 0.012500
0 0.031250 0.710000 0.012500 0.012500
0 0.402500 0.967500 0.012500 0.012500
0 0.030000 0.967500 0.012500 0.012500
0 0.301250 0.965000 0.012500 0.012500
0 0.250000 0.938750 0.012500 0.012500
0 0.092500 0.712500 0.012500 0.012500
0 0.610000 0.943750 0.012500 0.012500
0 0.415000 0.975000 0.012500 0.012500
0 0.382500 0.785000 0.012500 0.012500
0 0.343750 0.748750 0.012500 0.012500
0 0.175000 0.958750 0.012500 0.012500
0 0.496250 0.387500 0.012500 0.012500
0 0.662500 0.752500 0.012500 0.012500
0 0.140000 0.952500 0.012500 0.012500
0 0.645000 0.950000 0.012500 0.012500
0 0.418750 0.950000 0.012500 0.012500
0 0.431250 0.006250 0.012500 0.012500
0 0.380000 0.935000 0.012500 0.012500
0 0.320000 0.003750 0.012500 0.012500
0 0.993750 0.773750 0.012500 0.012500
0 0.147500 0.962500 0.012500 0.012500
0 0.707500 0.326250 0.012500 0.012500
0 0.403750 0.945000 0.012500 0.012500
0 0.072500 0.351250 0.012500 0.012500
0 0.706250 0.751250 0.012500 0.012500
0 0.563750 0.570000 0.012500 0.012500
0 0.137500 0.087500 0.012500 0.012500
0 0.080000 0.423750 0.012500 0.012500
0 0.733750 0.086250 0.012500 0.012500
0 0.527500 0.086250 0.012500 0.012500
0 0.131250 0.435000 0.012500 0.012500
0 0.972500 0.082500 0.012500 0.012500
0 0.157500 0.435000 0.012500 0.012500
0 0.470000 0.446250 0.012500 0.012500
0 0.900000 0.445000 0.012500 0.012500
0 0.083750 0.077500 0.012500 0.012500
0 0.095000 0.455000 0.012500 0.012500
0 0.567500 0.073750 0.012500 0.012500
0 0.066250 0.457500 0.012500 0.012500
0 0.222500 0.075000 0.012500 0.012500
0 0.187500 0.465000 0.012500 0.012500
0 0.935000 0.466250 0.012500 0.012500
0 0.048750 0.470000 0.012500 0.012500
0 0.968750 0.471250 0.012500 0.012500
0 0.275000 0.473750 0.012500 0.012500
0 0.192500 0.091250 0.012500 0.012500
0 0.352500 0.472500 0.012500 0.012500
0 0.768750 0.417500 0.012500 0.012500
0 0.357500 0.092500 0.012500 0.012500
0 0.060000 0.373750 0.012500 0.012500
0 0.165000 0.103750 0.012500 0.012500
0 0.911250 0.375000 0.012500 0.012500
0 0.261250 0.102500 0.012500 0.012500
0 0.095000 0.380000 0.012500 0.012500
0 0.895000 0.380000 0.012500 0.012500
0 0.533750 0.380000 0.012500 0.012500
0 0.577500 0.385000 0.012500 0.012500
0 0.465000 0.385000 0.012500 0.012500
0 0.173750 0.386250 0.012500 0.012500
0 0.902500 0.387500 0.012500 0.012500
0 0.395000 0.397500 0.012500 0.012500
0 0.771250 0.397500 0.012500 0.012500
0 0.837500 0.400000 0.012500 0.012500
0 0.175000 0.401250 0.012500 0.012500
0 0.875000 0.097500 0.012500 0.012500
0 0.593750 0.097500 0.012500 0.012500
0 0.262500 0.410000 0.012500 0.012500
0 0.555000 0.408750 0.012500 0.012500
0 0.348750 0.411250 0.012500 0.012500
0 0.778750 0.372500 0.012500 0.012500
0 0.463750 0.472500 0.012500 0.012500
0 0.198750 0.483750 0.012500 0.012500
0 0.992500 0.550000 0.012500 0.012500
0 0.445000 0.046250 0.012500 0.012500
0 0.170000 0.560000 0.012500 0.012500
0 0.425000 0.567500 0.012500 0.012500
0 0.277500 0.568750 0.012500 0.012500
0 0.543750 0.190000 0.012500 0.012500
0 0.748750 0.572500 0.012500 0.012500
0 0.431250 0.573750 0.012500 0.012500
0 0.363750 0.576250 0.012500 0.012500
0 0.220000 0.038750 0.012500 0.012500
0 0.290000 0.580000 0.012500 0.012500
0 0.785000 0.022500 0.012500 0.012500
0 0.312500 0.587500 0.012500 0.012500
0 0.618750 0.592500 0.012500 0.012500
0 0.571250 0.602500 0.012500 0.012500
0 0.435000 0.602500 0.012500 0.012500
0 0.755000 0.018750 0.012500 0.012500
0 0.540000 0.605000 0.012500 0.012500
0 0.452500 0.547500 0.012500 0.012500
0 0.542500 0.470000 0.012500 0.012500
0 0.771250 0.543750 0.012500 0.012500
0 0.993750 0.047500 0.012500 0.012500
0 0.935000 0.071250 0.012500 0.012500
0 0.560000 0.485000 0.012500 0.012500
0 0.026250 0.487500 0.012500 0.012500
0 0.995000 0.070000 0.012500 0.012500
0 0.530000 0.068750 0.012500 0.012500
0 0.415000 0.492500 0.012500 0.012500
0 0.047500 0.502500 0.012500 0.012500
0 0.131250 0.502500 0.012500 0.012500
0 0.383750 0.066250 0.012500 0.012500
0 0.341250 0.508750 0.012500 0.012500
0 0.925000 0.062500 0.012500 0.012500
0 0.210000 0.518750 0.012500 0.012500
0 0.067500 0.055000 0.012500 0.012500
0 0.887500 0.525000 0.012500 0.012500
0 0.412500 0.526250 0.012500 0.012500
0 0.723750 0.530000 0.012500 0.012500
0 0.016250 0.052500 0.012500 0.012500
0 0.891250 0.536250 0.012500 0.012500
0 0.945000 0.048750 0.012500 0.012500
0 0.476250 0.541250 0.012500 0.012500
0 0.556250 0.105000 0.012500 0.012500
0 0.570000 0.367500 0.012500 0.012500
0 0.388750 0.367500 0.012500 0.012500
0 0.428750 0.226250 0.012500 0.012500
0 0.930000 0.227500 0.012500 0.012500
0 0.537500 0.227500 0.012500 0.012500
0 0.116250 0.161250 0.012500 0.012500
0 0.853750 0.230000 0.012500 0.012500
0 0.046250 0.232500 0.012500 0.012500
0 0.685000 0.233750 0.012500 0.012500
0 0.452500 0.236250 0.012500 0.012500
0 0.987500 0.236250 0.012500 0.012500
0 0.795000 0.241250 0.012500 0.012500
0 0.230000 0.243750 0.012500 0.012500
0 0.072500 0.251250 0.012500 0.012500
0 0.662500 0.252500 0.012500 0.012500
0 0.886250 0.253750 0.012500 0.012500
0 0.652500 0.255000 0.012500 0.012500
0 0.623750 0.260000 0.012500 0.012500
0 0.465000 0.262500 0.012500 0.012500
0 0.027500 0.157500 0.012500 0.012500
0 0.467500 0.162500 0.012500 0.012500
0 0.937500 0.266250 0.012500 0.012500
0 0.830000 0.223750 0.012500 0.012500
0 0.612500 0.221250 0.012500 0.012500
0 0.258750 0.190000 0.012500 0.012500
0 0.730000 0.192500 0.012500 0.012500
0 0.315000 0.185000 0.012500 0.012500
0 0.792500 0.183750 0.012500 0.012500
0 0.333750 0.200000 0.012500 0.012500
0 0.678750 0.205000 0.012500 0.012500
0 0.482500 0.178750 0.012500 0.012500
0 0.700000 0.176250 0.012500 0.012500
0 0.812500 0.172500 0.012500 0.012500
0 0.770000 0.208750 0.012500 0.012500
0 0.005000 0.210000 0.012500 0.012500
0 0.390000 0.932500 0.012500 0.012500
0 0.660000 0.210000 0.012500 0.012500
0 0.127500 0.215000 0.012500 0.012500
0 0.172500 0.215000 0.012500 0.012500
0 0.533750 0.215000 0.012500 0.012500
0 0.595000 0.218750 0.012500 0.012500
0 0.707500 0.168750 0.012500 0.012500
0 0.030000 0.168750 0.012500 0.012500
0 0.730000 0.165000 0.012500 0.012500
0 0.705000 0.155000 0.012500 0.012500
0 0.491250 0.270000 0.012500 0.012500
0 0.552500 0.275000 0.012500 0.012500
0 0.237500 0.335000 0.012500 0.012500
0 0.346250 0.335000 0.012500 0.012500
0 0.871250 0.127500 0.012500 0.012500
0 0.770000 0.338750 0.012500 0.012500
0 0.857500 0.337500 0.012500 0.012500
0 0.667500 0.340000 0.012500 0.012500
0 0.705000 0.345000 0.012500 0.012500
0 0.982500 0.347500 0.012500 0.012500
0 0.865000 0.350000 0.012500 0.012500
0 0.830000 0.352500 0.012500 0.012500
0 0.305000 0.355000 0.012500 0.012500
0 0.041250 0.355000 0.012500 0.012500
0 0.011250 0.115000 0.012500 0.012500
0 0.533750 0.357500 0.012500 0.012500
0 0.642500 0.357500 0.012500 0.012500
0 0.073750 0.110000 0.012500 0.012500
0 0.880000 0.107500 0.012500 0.012500
0 0.810000 0.335000 0.012500 0.012500
0 0.958750 0.330000 0.012500 0.012500
0 0.643750 0.130000 0.012500 0.012500
0 0.103750 0.137500 0.012500 0.012500
0 0.241250 0.277500 0.012500 0.012500
0 0.511250 0.278750 0.012500 0.012500
0 0.870000 0.283750 0.012500 0.012500
0 0.480000 0.150000 0.012500 0.012500
0 0.415000 0.146250 0.012500 0.012500
0 0.187500 0.145000 0.012500 0.012500
0 0.647500 0.297500 0.012500 0.012500
0 0.880000 0.298750 0.012500 0.012500
0 0.892500 0.300000 0.012500 0.012500
0 0.710000 0.610000 0.012500 0.012500
0 0.095000 0.303750 0.012500 0.012500
0 0.376250 0.307500 0.012500 0.012500
0 0.015000 0.312500 0.012500 0.012500
0 0.460000 0.145000 0.012500 0.012500
0 0.977500 0.315000 0.012500 0.012500
0 0.395000 0.317500 0.012500 0.012500
0 0.335000 0.140000 0.012500 0.012500
0 0.050000 0.140000 0.012500 0.012500
0 0.840000 0.325000 0.012500 0.012500
0 0.273750 0.328750 0.012500 0.012500
0 0.537500 0.305000 0.012500 0.012500
0 0.247500 0.017500 0.012500 0.012500
0 0.965000 0.188750 0.012500 0.012500
0 0.595000 0.012500 0.012500 0.012500
0 0.472500 0.770000 0.012500 0.012500
0 0.818750 0.610000 0.012500 0.012500
0 0.057500 0.766250 0.012500 0.012500
0 0.090000 0.762500 0.012500 0.012500
0 0.007500 0.890000 0.012500 0.012500
0 0.030000 0.746250 0.012500 0.012500
0 0.671250 0.895000 0.012500 0.012500
0 0.705000 0.738750 0.012500 0.012500
0 0.137500 0.738750 0.012500 0.012500
0 0.125000 0.737500 0.012500 0.012500
0 0.223750 0.737500 0.012500 0.012500
0 0.781250 0.731250 0.012500 0.012500
0 0.040000 0.730000 0.012500 0.012500
0 0.906250 0.727500 0.012500 0.012500
0 0.295000 0.727500 0.012500 0.012500
0 0.355000 0.723750 0.012500 0.012500
0 0.365000 0.720000 0.012500 0.012500
0 0.152500 0.870000 0.012500 0.012500
0 0.877500 0.715000 0.012500 0.012500
0 0.621250 0.905000 0.012500 0.012500
0 0.170000 0.715000 0.012500 0.012500
0 0.057500 0.715000 0.012500 0.012500
0 0.836250 0.712500 0.012500 0.012500
0 0.605000 0.705000 0.012500 0.012500
0 0.118750 0.702500 0.012500 0.012500
0 0.020000 0.907500 0.012500 0.012500
0 0.290000 0.692500 0.012500 0.012500
0 0.652500 0.687500 0.012500 0.012500
0 0.522500 0.687500 0.012500 0.012500
0 0.155000 0.771250 0.012500 0.012500
0 0.366250 0.775000 0.012500 0.012500
0 0.021250 0.782500 0.012500 0.012500
0 0.117500 0.783750 0.012500 0.012500
0 0.837500 0.860000 0.012500 0.012500
0 0.720000 0.858750 0.012500 0.012500
0 0.410000 0.855000 0.012500 0.012500
0 0.822500 0.852500 0.012500 0.012500
0 0.575000 0.873750 0.012500 0.012500
0 0.852500 0.850000 0.012500 0.012500
0 0.291250 0.837500 0.012500 0.012500
0 0.077500 0.838750 0.012500 0.012500
0 0.843750 0.877500 0.012500 0.012500
0 0.660000 0.836250 0.012500 0.012500
0 0.882500 0.830000 0.012500 0.012500
0 0.915000 0.830000 0.012500 0.012500
0 0.243750 0.826250 0.012500 0.012500
0 0.137500 0.687500 0.012500 0.012500
0 0.293750 0.825000 0.012500 0.012500
0 0.937500 0.816250 0.012500 0.012500
0 0.453750 0.885000 0.012500 0.012500
0 0.540000 0.812500 0.012500 0.012500
0 0.045000 0.811250 0.012500 0.012500
0 0.687500 0.807500 0.012500 0.012500
0 0.582500 0.807500 0.012500 0.012500
0 0.983750 0.792500 0.012500 0.012500
0 0.948750 0.793750 0.012500 0.012500
0 0.981250 0.886250 0.012500 0.012500
0 0.678750 0.792500 0.012500 0.012500
0 0.491250 0.792500 0.012500 0.012500
0 0.647500 0.787500 0.012500 0.012500
0 0.862500 0.787500 0.012500 0.012500
0 0.835000 0.887500 0.012500 0.012500
0 0.750000 0.822500 0.012500 0.012500
0 0.631250 0.908750 0.012500 0.012500
0 0.947500 0.716250 0.012500 0.012500
0 0.350000 0.922500 0.012500 0.012500
0 0.338750 0.671250 0.012500 0.012500
0 0.621250 0.636250 0.012500 0.012500
0 0.615000 0.930000 0.012500 0.012500
0 0.207500 0.662500 0.012500 0.012500
0 0.928750 0.662500 0.012500 0.012500
0 0.233750 0.657500 0.012500 0.012500
0 0.190000 0.657500 0.012500 0.012500
0 0.931250 0.620000 0.012500 0.012500
0 0.338750 0.622500 0.012500 0.012500
0 0.948750 0.652500 0.012500 0.012500
0 0.611250 0.630000 0.012500 0.012500
0 0.326250 0.920000 0.012500 0.012500
0 0.068750 0.650000 0.012500 0.012500
0 0.480000 0.631250 0.012500 0.012500
0 0.731250 0.632500 0.012500 0.012500
0 0.928750 0.642500 0.012500 0.012500
0 0.438750 0.633750 0.012500 0.012500
0 0.333750 0.640000 0.012500 0.012500
0 0.551250 0.930000 0.012500 0.012500
0 0.590000 0.615000 0.012500 0.012500
0 0.640000 0.670000 0.012500 0.012500
0 0.971250 0.665000 0.012500 0.012500
0 0.207500 0.912500 0.012500 0.012500
0 0.011250 0.612500 0.012500 0.012500
0 0.628750 0.682500 0.012500 0.012500
0 0.255000 0.685000 0.012500 0.012500
0 0.438750 0.007500 0.012500 0.012500
0 0.511250 0.612500 0.012500 0.012500
0 0.340000 0.005000 0.012500 0.012500
0 0.870000 0.613750 0.012500 0.012500
0 0.363750 0.681250 0.012500 0.012500
0 0.638750 0.635000 0.012500 0.012500
0 0.887500 0.670000 0.012500 0.012500
0 0.880000 0.580000 0.013750 0.013750
0 0.057500 0.565000 0.013750 0.013750
0 0.705000 0.802500 0.013750 0.013750
0 0.802500 0.265000 0.013750 0.013750
0 0.335000 0.242500 0.013750 0.013750
0 0.205000 0.615000 0.013750 0.013750
0 0.737500 0.127500 0.013750 0.013750
0 0.565000 0.887500 0.013750 0.013750
0 0.955000 0.607500 0.013750 0.013750
0 0.762500 0.250000 0.013750 0.013750
0 0.387500 0.840000 0.013750 0.013750
0 0.370000 0.585000 0.013750 0.013750
0 0.447500 0.280000 0.013750 0.013750
0 0.900000 0.280000 0.013750 0.013750
0 0.222500 0.652500 0.013750 0.013750
0 0.275000 0.995000 0.013750 0.013750
0 0.205000 0.185000 0.013750 0.013750
0 0.617500 0.305000 0.013750 0.013750
0 0.565000 0.145000 0.013750 0.013750
0 0.540000 0.252500 0.013750 0.013750
0 0.337500 0.027500 0.013750 0.013750
0 0.630000 0.835000 0.013750 0.013750
0 0.370000 0.977500 0.013750 0.013750
0 0.762500 0.882500 0.013750 0.013750
0 0.967500 0.935000 0.013750 0.013750
0 0.332500 0.845000 0.013750 0.013750
0 0.530000 0.595000 0.013750 0.013750
0 0.555000 0.470000 0.013750 0.013750
0 0.157500 0.557500 0.013750 0.013750
0 0.800000 0.672500 0.013750 0.013750
0 0.025000 0.072500 0.013750 0.013750
0 0.185000 0.672500 0.013750 0.013750
0 0.395000 0.695000 0.013750 0.013750
0 0.562500 0.700000 0.013750 0.013750
0 0.295000 0.410000 0.013750 0.013750
0 0.142500 0.897500 0.013750 0.013750
0 0.515000 0.170000 0.013750 0.013750
0 0.837500 0.445000 0.013750 0.013750
0 0.527500 0.667500 0.013750 0.013750
0 0.177500 0.102500 0.013750 0.013750
0 0.672500 0.700000 0.013750 0.013750
0 0.337500 0.387500 0.013750 0.013750
0 0.477500 0.482500 0.013750 0.013750
0 0.690000 0.065000 0.013750 0.013750
0 0.202500 0.447500 0.013750 0.013750
0 0.765000 0.230000 0.013750 0.013750
0 0.535000 0.685000 0.013750 0.013750
0 0.485000 0.167500 0.013750 0.013750
0 0.540000 0.112500 0.013750 0.013750
0 0.130000 0.360000 0.013750 0.013750
0 0.242500 0.060000 0.013750 0.013750
0 0.172500 0.762500 0.013750 0.013750
0 0.615000 0.650000 0.013750 0.013750
0 0.262500 0.917500 0.013750 0.013750
0 0.420000 0.890000 0.013750 0.013750
0 0.545000 0.700000 0.013750 0.013750
0 0.797500 0.702500 0.013750 0.013750
0 0.878750 0.867500 0.015000 0.015000
0 0.691250 0.882500 0.015000 0.015000
0 0.831250 0.071250 0.015000 0.015000
0 0.941250 0.972500 0.015000 0.015000
0 0.286250 0.957500 0.015000 0.015000
0 0.792500 0.941250 0.015000 0.015000
0 0.685000 0.850000 0.015000 0.015000
0 0.993750 0.107500 0.015000 0.015000
0 0.336250 0.353750 0.015000 0.015000
0 0.521250 0.337500 0.015000 0.015000
0 0.903750 0.296250 0.015000 0.015000
0 0.896250 0.221250 0.015000 0.015000
0 0.990000 0.222500 0.015000 0.015000
0 0.936250 0.020000 0.015000 0.015000
0 0.577500 0.437500 0.015000 0.015000
0 0.646250 0.013750 0.015000 0.015000
0 0.697500 0.372500 0.015000 0.015000
0 0.418750 0.706250 0.015000 0.015000
0 0.277500 0.681250 0.015000 0.015000
0 0.135000 0.141250 0.015000 0.015000
0 0.903750 0.641250 0.015000 0.015000
0 0.382500 0.128750 0.015000 0.015000
0 0.727500 0.582500 0.015000 0.015000
0 0.930000 0.126250 0.015000 0.015000
0 0.448750 0.581250 0.015000 0.015000
0 0.250000 0.457500 0.015000 0.015000
0 0.936250 0.377500 0.015000 0.015000
0 0.172500 0.932500 0.015000 0.015000
0 0.427500 0.192500 0.015000 0.015000
0 0.157500 0.340000 0.015000 0.015000
0 0.676250 0.358750 0.015000 0.015000
0 0.950000 0.357500 0.015000 0.015000
0 0.730000 0.840000 0.015000 0.015000
0 0.280000 0.987500 0.015000 0.015000
0 0.562500 0.992500 0.015000 0.015000
0 0.240000 0.402500 0.015000 0.015000
0 0.008750 0.637500 0.015000 0.015000
0 0.020000 0.297500 0.015000 0.015000
0 0.093750 0.422500 0.015000 0.015000
0 0.525000 0.467500 0.015000 0.015000
0 0.767500 0.793750 0.015000 0.015000
0 0.517500 0.487500 0.015000 0.015000
0 0.878750 0.487500 0.015000 0.015000
0 0.950000 0.511250 0.015000 0.015000
0 0.440000 0.721250 0.015000 0.015000
0 0.316250 0.610000 0.015000 0.015000
0 0.430000 0.452500 0.015000 0.015000
0 0.020000 0.882500 0.015000 0.015000
0 0.731250 0.408750 0.015000 0.015000
0 0.537500 0.265000 0.015000 0.015000
0 0.082500 0.897500 0.015000 0.015000
0 0.235000 0.695000 0.015000 0.015000
0 0.917500 0.195000 0.015000 0.015000
0 0.548750 0.230000 0.015000 0.015000
0 0.022500 0.945000 0.015000 0.015000
0 0.130000 0.640000 0.016250 0.016250
0 0.645000 0.615000 0.016250 0.016250
0 0.265000 0.355000 0.016250 0.016250
0 0.045000 0.327500 0.016250 0.016250
0 0.895000 0.785000 0.016250 0.016250
0 0.790000 0.290000 0.016250 0.016250
0 0.882500 0.477500 0.016250 0.016250
0 0.255000 0.785000 0.016250 0.016250
0 0.585000 0.420000 0.016250 0.016250
0 0.555000 0.645000 0.016250 0.016250
0 0.472500 0.215000 0.016250 0.016250
0 0.477500 0.612500 0.016250 0.016250
0 0.095000 0.837500 0.016250 0.016250
0 0.947500 0.920000 0.016250 0.016250
0 0.745000 0.905000 0.016250 0.016250
0 0.155000 0.025000 0.016250 0.016250
0 0.847500 0.977500 0.016250 0.016250
0 0.810000 0.685000 0.016250 0.016250
0 0.927500 0.160000 0.016250 0.016250
0 0.440000 0.222500 0.016250 0.016250
0 0.930000 0.187500 0.016250 0.016250
0 0.405000 0.067500 0.017500 0.017500
0 0.705000 0.206250 0.017500 0.017500
0 0.048750 0.907500 0.017500 0.017500
0 0.652500 0.671250 0.017500 0.017500
0 0.016250 0.665000 0.017500 0.017500
0 0.066250 0.211250 0.017500 0.017500
0 0.635000 0.652500 0.017500 0.017500
0 0.616250 0.725000 0.017500 0.017500
0 0.455000 0.922500 0.017500 0.017500
0 0.968750 0.875000 0.017500 0.017500
0 0.115000 0.871250 0.017500 0.017500
0 0.950000 0.656250 0.017500 0.017500
0 0.656250 0.595000 0.017500 0.017500
0 0.256250 0.555000 0.017500 0.017500
0 0.191250 0.506250 0.017500 0.017500
0 0.983750 0.076250 0.017500 0.017500
0 0.111250 0.740000 0.017500 0.017500
0 0.395000 0.435000 0.017500 0.017500
0 0.910000 0.421250 0.017500 0.017500
0 0.400000 0.357500 0.017500 0.017500
0 0.936250 0.700000 0.017500 0.017500
0 0.187500 0.210000 0.017500 0.017500
0 0.423750 0.635000 0.017500 0.017500
0 0.287500 0.060000 0.017500 0.017500
0 0.752500 0.342500 0.017500 0.017500
0 0.667500 0.541250 0.017500 0.017500
0 0.987500 0.531250 0.017500 0.017500
0 0.135000 0.392500 0.017500 0.017500
0 0.702500 0.402500 0.017500 0.017500
0 0.713750 0.577500 0.017500 0.017500
0 0.457500 0.425000 0.017500 0.017500
0 0.910000 0.007500 0.017500 0.017500
0 0.641250 0.060000 0.017500 0.017500
0 0.013750 0.195000 0.017500 0.017500
0 0.880000 0.177500 0.017500 0.017500
0 0.107500 0.221250 0.017500 0.017500
0 0.295000 0.302500 0.018750 0.018750
0 0.977500 0.520000 0.018750 0.018750
0 0.795000 0.240000 0.018750 0.018750
0 0.240000 0.725000 0.018750 0.018750
0 0.400000 0.090000 0.018750 0.018750
0 0.112500 0.195000 0.018750 0.018750
0 0.850000 0.485000 0.018750 0.018750
0 0.337500 0.762500 0.018750 0.018750
0 0.965000 0.482500 0.018750 0.018750
0 0.480000 0.515000 0.018750 0.018750
0 0.402500 0.967500 0.018750 0.018750
0 0.820000 0.312500 0.018750 0.018750
0 0.170000 0.897500 0.018750 0.018750
0 0.650000 0.157500 0.018750 0.018750
0 0.880000 0.807500 0.018750 0.018750
0 0.510000 0.460000 0.018750 0.018750
0 0.892500 0.180000 0.018750 0.018750
0 0.832500 0.915000 0.018750 0.018750
0 0.927500 0.510000 0.018750 0.018750
0 0.757500 0.750000 0.018750 0.018750
0 0.545000 0.540000 0.020000 0.020000
0 0.247500 0.696250 0.020000 0.020000
0 0.528750 0.532500 0.020000 0.020000
0 0.013750 0.701250 0.020000 0.020000
0 0.146250 0.751250 0.020000 0.020000
0 0.750000 0.260000 0.020000 0.020000
0 0.417500 0.268750 0.020000 0.020000
0 0.433750 0.866250 0.020000 0.020000
0 0.726250 0.607500 0.020000 0.020000
0 0.357500 0.753750 0.020000 0.020000
0 0.561250 0.713750 0.020000 0.020000
0 0.166250 0.707500 0.020000 0.020000
0 0.061250 0.623750 0.020000 0.020000
0 0.405000 0.130000 0.020000 0.020000
0 0.148750 0.321250 0.020000 0.020000
0 0.975000 0.126250 0.020000 0.020000
0 0.212500 0.193750 0.020000 0.020000
0 0.745000 0.043750 0.020000 0.020000
0 0.782500 0.613750 0.020000 0.020000
0 0.488750 0.337500 0.020000 0.020000
0 0.691250 0.067500 0.020000 0.020000
0 0.570000 0.061250 0.020000 0.020000
0 0.051250 0.055000 0.020000 0.020000
0 0.818750 0.373750 0.020000 0.020000
0 0.346250 0.367500 0.020000 0.020000
0 0.852500 0.227500 0.020000 0.020000
0 0.952500 0.457500 0.020000 0.020000
0 0.282500 0.012500 0.021250 0.021250
0 0.385000 0.842500 0.021250 0.021250
0 0.527500 0.872500 0.021250 0.021250
0 0.222500 0.647500 0.021250 0.021250
0 0.832500 0.245000 0.021250 0.021250
0 0.562500 0.950000 0.021250 0.021250
0 0.135000 0.852500 0.021250 0.021250
0 0.890000 0.890000 0.021250 0.021250
0 0.190000 0.947500 0.021250 0.021250
0 0.686250 0.850000 0.022500 0.022500
0 0.396250 0.208750 0.022500 0.022500
0 0.437500 0.365000 0.022500 0.022500
0 0.642500 0.101250 0.022500 0.022500
0 0.348750 0.165000 0.022500 0.022500
0 0.280000 0.846250 0.022500 0.022500
0 0.806250 0.873750 0.022500 0.022500
0 0.276250 0.770000 0.022500 0.022500
0 0.088750 0.687500 0.022500 0.022500
0 0.777500 0.681250 0.022500 0.022500
0 0.420000 0.822500 0.022500 0.022500
0 0.512500 0.257500 0.022500 0.022500
0 0.205000 0.427500 0.023750 0.023750
0 0.087500 0.117500 0.023750 0.023750
0 0.427500 0.377500 0.023750 0.023750
0 0.742500 0.851250 0.025000 0.025000
0 0.940000 0.887500 0.025000 0.025000
0 0.662500 0.555000 0.025000 0.025000
0 0.522500 0.927500 0.025000 0.025000
0 0.553750 0.025000 0.025000 0.025000
0 0.756250 0.927500 0.025000 0.025000
0 0.418750 0.140000 0.025000 0.025000
0 0.437500 0.945000 0.025000 0.025000
0 0.138750 0.486250 0.025000 0.025000
0 0.542500 0.050000 0.025000 0.025000
0 0.685000 0.132500 0.025000 0.025000
0 0.667500 0.603750 0.025000 0.025000
0 0.980000 0.715000 0.025000 0.025000
0 0.972500 0.755000 0.025000 0.025000
0 0.650000 0.790000 0.025000 0.025000
0 0.107500 0.740000 0.026250 0.026250
0 0.827500 0.455000 0.026250 0.026250
0 0.527500 0.980000 0.026250 0.026250
0 0.452500 0.812500 0.026250 0.026250
0 0.652500 0.017500 0.026250 0.026250
0 0.392500 0.177500 0.026250 0.026250
0 0.706250 0.828750 0.027500 0.027500
0 0.700000 0.528750 0.027500 0.027500
0 0.980000 0.026250 0.027500 0.027500
0 0.703750 0.630000 0.027500 0.027500
0 0.781250 0.047500 0.027500 0.027500
0 0.050000 0.020000 0.027500 0.027500
0 0.757500 0.650000 0.027500 0.027500
0 0.056250 0.426250 0.027500 0.027500
0 0.377500 0.133750 0.027500 0.027500
0 0.316250 0.115000 0.027500 0.027500
0 0.345000 0.950000 0.028750 0.028750
0 0.387500 0.035000 0.028750 0.028750
0 0.765000 0.725000 0.028750 0.028750
0 0.355000 0.311250 0.030000 0.030000
0 0.512500 0.432500 0.030000 0.030000
0 0.831250 0.205000 0.030000 0.030000
0 0.285000 0.162500 0.030000 0.030000
0 0.327500 0.176250 0.030000 0.030000
0 0.242500 0.540000 0.030000 0.030000
0 0.142500 0.793750 0.030000 0.030000
0 0.267500 0.703750 0.030000 0.030000
0 0.507500 0.372500 0.030000 0.030000
0 0.903750 0.107500 0.030000 0.030000
0 0.603750 0.242500 0.030000 0.030000
0 0.037500 0.532500 0.031250 0.031250
0 0.375000 0.257500 0.031250 0.031250
0 0.395000 0.325000 0.031250 0.031250
0 0.746250 0.695000 0.032500 0.032500
0 0.433750 0.108750 0.032500 0.032500
0 0.928750 0.101250 0.032500 0.032500
0 0.048750 0.476250 0.035000 0.035000
0 0.608750 0.452500 0.035000 0.035000
0 0.372500 0.905000 0.036250 0.036250
0 0.580000 0.863750 0.037500 0.037500
0 0.685000 0.288750 0.037500 0.037500
0 0.845000 0.793750 0.037500 0.037500
0 0.857500 0.325000 0.038750 0.038750
0 0.150000 0.597500 0.038750 0.038750
0 0.640000 0.403750 0.040000 0.040000
0 0.315000 0.550000 0.040000 0.040000
0 0.570000 0.280000 0.041250 0.041250
0 0.952500 0.225000 0.042500 0.042500
0 0.785000 0.316250 0.042500 0.042500
0 0.082500 0.950000 0.043750 0.043750
0 0.832500 0.740000 0.043750 0.043750
0 0.635000 0.070000 0.043750 0.043750
0 0.096250 0.597500 0.045000 0.045000
0 0.442500 0.297500 0.045000 0.045000
0 0.873750 0.028750 0.045000 0.045000
0 0.182500 0.811250 0.047500 0.047500
0 0.272500 0.596250 0.047500 0.047500
0 0.100000 0.507500 0.050000 0.050000
0 0.607500 0.195000 0.051250 0.051250
0 0.707500 0.460000 0.051250 0.051250
0 0.817500 0.632500 0.055000 0.055000
0 0.198750 0.066250 0.055000 0.055000
0 0.280000 0.402500 0.055000 0.055000
0 0.527500 0.292500 0.056250 0.056250
0 0.142500 0.265000 0.058750 0.058750
0 0.292500 0.455000 0.065000 0.065000
0 0.505000 0.195000 0.080000 0.080000
0 0.512500 0.732500 0.113750 0.113750
0 0.132500 0.910000 0.136250 0.136250
0 0.305000 0.833750 0.170000 0.170000