0 0.090000 0.818750 0.010000 0.010000
0 0.112500 0.243750 0.010000 0.010000
0 0.842500 0.910000 0.010000 0.010000
0 0.270000 0.816250 0.010000 0.010000
0 0.905000 0.913750 0.010000 0.010000
0 0.616250 0.245000 0.010000 0.010000
0 0.285000 0.242500 0.010000 0.010000
0 0.332500 0.276250 0.010000 0.010000
0 0.165000 0.877500 0.010000 0.010000
0 0.180000 0.825000 0.010000 0.010000
0 0.210000 0.877500 0.010000 0.010000
0 0.408750 0.877500 0.010000 0.010000
0 0.303750 0.262500 0.010000 0.010000
0 0.500000 0.877500 0.010000 0.010000
0 0.677500 0.878750 0.010000 0.010000
0 0.651250 0.857500 0.010000 0.010000
0 0.895000 0.882500 0.010000 0.010000
0 0.726250 0.255000 0.010000 0.010000
0 0.683750 0.263750 0.010000 0.010000
0 0.522500 0.856250 0.010000 0.010000
0 0.762500 0.852500 0.010000 0.010000
0 0.620000 0.886250 0.010000 0.010000
0 0.673750 0.850000 0.010000 0.010000
0 0.755000 0.846250 0.010000 0.010000
0 0.227500 0.253750 0.010000 0.010000
0 0.627500 0.250000 0.010000 0.010000
0 0.652500 0.276250 0.010000 0.010000
0 0.760000 0.897500 0.010000 0.010000
0 0.515000 0.900000 0.010000 0.010000
0 0.212500 0.900000 0.010000 0.010000
0 0.588750 0.272500 0.010000 0.010000
0 0.887500 0.271250 0.010000 0.010000
0 0.691250 0.821250 0.010000 0.010000
0 0.615000 0.271250 0.010000 0.010000
0 0.521250 0.838750 0.010000 0.010000
0 0.100000 0.270000 0.010000 0.010000
0 0.280000 0.891250 0.010000 0.010000
0 0.722500 0.891250 0.010000 0.010000
0 0.516250 0.890000 0.010000 0.010000
0 0.607500 0.841250 0.010000 0.010000
0 0.297500 0.893750 0.010000 0.010000
0 0.460000 0.845000 0.010000 0.010000
0 0.890000 0.391250 0.010000 0.010000
0 0.397500 0.923750 0.010000 0.010000
0 0.095000 0.067500 0.010000 0.010000
0 0.612500 0.066250 0.010000 0.010000
0 0.795000 0.067500 0.010000 0.010000
0 0.716250 0.077500 0.010000 0.010000
0 0.593750 0.077500 0.010000 0.010000
0 0.113750 0.080000 0.010000 0.010000
0 0.582500 0.080000 0.010000 0.010000
0 0.076250 0.093750 0.010000 0.010000
0 0.642500 0.107500 0.010000 0.010000
0 0.560000 0.107500 0.010000 0.010000
0 0.525000 0.108750 0.010000 0.010000
0 0.792500 0.058750 0.010000 0.010000
0 0.352500 0.112500 0.010000 0.010000
0 0.417500 0.117500 0.010000 0.010000
0 0.382500 0.121250 0.010000 0.010000
0 0.505000 0.126250 0.010000 0.010000
0 0.161250 0.130000 0.010000 0.010000
0 0.400000 0.132500 0.010000 0.010000
0 0.587500 0.132500 0.010000 0.010000
0 0.418750 0.030000 0.010000 0.010000
0 0.912500 0.996250 0.010000 0.010000
0 0.225000 0.146250 0.010000 0.010000
0 0.267500 0.935000 0.010000 0.010000
0 0.276250 0.790000 0.010000 0.010000
0 0.202500 0.118750 0.010000 0.010000
0 0.037500 0.695000 0.010000 0.010000
0 0.165000 0.057500 0.010000 0.010000
0 0.563750 0.052500 0.010000 0.010000
0 0.988750 0.552500 0.010000 0.010000
0 0.150000 0.007500 0.010000 0.010000
0 0.023750 0.007500 0.010000 0.010000
0 0.590000 0.007500 0.010000 0.010000
0 0.102500 0.010000 0.010000 0.010000
0 0.461250 0.702500 0.010000 0.010000
0 0.196250 0.730000 0.010000 0.010000
0 0.856250 0.016250 0.010000 0.010000
0 0.776250 0.022500 0.010000 0.010000
0 0.893750 0.022500 0.010000 0.010000
0 0.057500 0.133750 0.010000 0.010000
0 0.046250 0.055000 0.010000 0.010000
0 0.872500 0.023750 0.010000 0.010000
0 0.978750 0.525000 0.010000 0.010000
0 0.407500 0.030000 0.010000 0.010000
0 0.745000 0.035000 0.010000 0.010000
0 0.051250 0.035000 0.010000 0.010000
0 0.570000 0.037500 0.010000 0.010000
0 0.290000 0.040000 0.010000 0.010000
0 0.487500 0.048750 0.010000 0.010000
0 0.612500 0.047500 0.010000 0.010000
0 0.653750 0.047500 0.010000 0.010000
0 0.625000 0.050000 0.010000 0.010000
0 0.353750 0.051250 0.010000 0.010000
0 0.485000 0.027500 0.010000 0.010000
0 0.230000 0.922500 0.010000 0.010000
0 0.220000 0.162500 0.010000 0.010000
0 0.970000 0.171250 0.010000 0.010000
0 0.580000 0.225000 0.010000 0.010000
0 0.732500 0.972500 0.010000 0.010000
0 0.937500 0.970000 0.010000 0.010000
0 0.087500 0.970000 0.010000 0.010000
0 0.602500 0.227500 0.010000 0.010000
0 0.585000 0.965000 0.010000 0.010000
0 0.951250 0.962500 0.010000 0.010000
0 0.672500 0.227500 0.010000 0.010000
0 0.111250 0.955000 0.010000 0.010000
0 0.832500 0.951250 0.010000 0.010000
0 0.135000 0.948750 0.010000 0.010000
0 0.181250 0.977500 0.010000 0.010000
0 0.323750 0.946250 0.010000 0.010000
0 0.931250 0.942500 0.010000 0.010000
0 0.853750 0.941250 0.010000 0.010000
0 0.661250 0.940000 0.010000 0.010000
0 0.308750 0.940000 0.010000 0.010000
0 0.156250 0.937500 0.010000 0.010000
0 0.541250 0.230000 0.010000 0.010000
0 0.078750 0.232500 0.010000 0.010000
0 0.222500 0.931250 0.010000 0.010000
0 0.177500 0.238750 0.010000 0.010000
0 0.221250 0.922500 0.010000 0.010000
0 0.737500 0.923750 0.010000 0.010000
0 0.790000 0.945000 0.010000 0.010000
0 0.722500 0.535000 0.010000 0.010000
0 0.350000 0.977500 0.010000 0.010000
0 0.962500 0.982500 0.010000 0.010000
0 0.946250 0.172500 0.010000 0.010000
0 0.532500 0.176250 0.010000 0.010000
0 0.032500 0.410000 0.010000 0.010000
0 0.672500 0.182500 0.010000 0.010000
0 0.563750 0.320000 0.010000 0.010000
0 0.415000 0.815000 0.010000 0.010000
0 0.003750 0.227500 0.010000 0.010000
0 0.575000 0.191250 0.010000 0.010000
0 0.200000 0.193750 0.010000 0.010000
0 0.195000 0.200000 0.010000 0.010000
0 0.452500 0.200000 0.010000 0.010000
0 0.622500 0.982500 0.010000 0.010000
0 0.405000 0.070000 0.010000 0.010000
0 0.787500 0.206250 0.010000 0.010000
0 0.097500 0.210000 0.010000 0.010000
0 0.485000 0.211250 0.010000 0.010000
0 0.321250 0.011250 0.010000 0.010000
0 0.438750 0.995000 0.010000 0.010000
0 0.010000 0.995000 0.010000 0.010000
0 0.580000 0.217500 0.010000 0.010000
0 0.805000 0.988750 0.010000 0.010000
0 0.882500 0.987500 0.010000 0.010000
0 0.778750 0.985000 0.010000 0.010000
0 0.692500 0.983750 0.010000 0.010000
0 0.793750 0.202500 0.010000 0.010000
0 0.970000 0.813750 0.010000 0.010000
0 0.610000 0.928750 0.010000 0.010000
0 0.317500 0.622500 0.010000 0.010000
0 0.628750 0.318750 0.010000 0.010000
0 0.816250 0.537500 0.010000 0.010000
0 0.970000 0.360000 0.010000 0.010000
0 0.307500 0.672500 0.010000 0.010000
0 0.403750 0.672500 0.010000 0.010000
0 0.623750 0.347500 0.010000 0.010000
0 0.861250 0.755000 0.010000 0.010000
0 0.577500 0.675000 0.010000 0.010000
0 0.137500 0.291250 0.010000 0.010000
0 0.682500 0.438750 0.010000 0.010000
0 0.652500 0.752500 0.010000 0.010000
0 0.123750 0.357500 0.010000 0.010000
0 0.807500 0.298750 0.010000 0.010000
0 0.600000 0.440000 0.010000 0.010000
0 0.142500 0.543750 0.010000 0.010000
0 0.140000 0.590000 0.010000 0.010000
0 0.455000 0.667500 0.010000 0.010000
0 0.687500 0.530000 0.010000 0.010000
0 0.495000 0.763750 0.010000 0.010000
0 0.507500 0.506250 0.010000 0.010000
0 0.562500 0.773750 0.010000 0.010000
0 0.285000 0.660000 0.010000 0.010000
0 0.251250 0.662500 0.010000 0.010000
0 0.535000 0.512500 0.010000 0.010000
0 0.665000 0.515000 0.010000 0.010000
0 0.908750 0.570000 0.010000 0.010000
0 0.397500 0.746250 0.010000 0.010000
0 0.422500 0.771250 0.010000 0.010000
0 0.812500 0.665000 0.010000 0.010000
0 0.826250 0.665000 0.010000 0.010000
0 0.400000 0.592500 0.010000 0.010000
0 0.425000 0.410000 0.010000 0.010000
0 0.578750 0.375000 0.010000 0.010000
0 0.110000 0.362500 0.010000 0.010000
0 0.612500 0.345000 0.010000 0.010000
0 0.617500 0.545000 0.010000 0.010000
0 0.696250 0.590000 0.010000 0.010000
0 0.003750 0.547500 0.010000 0.010000
0 0.953750 0.338750 0.010000 0.010000
0 0.880000 0.557500 0.010000 0.010000
0 0.878750 0.697500 0.010000 0.010000
0 0.692500 0.560000 0.010000 0.010000
0 0.032500 0.710000 0.010000 0.010000
0 0.922500 0.707500 0.010000 0.010000
0 0.661250 0.560000 0.010000 0.010000
0 0.752500 0.576250 0.010000 0.010000
0 0.985000 0.310000 0.010000 0.010000
0 0.782500 0.560000 0.010000 0.010000
0 0.308750 0.705000 0.010000 0.010000
0 0.681250 0.396250 0.010000 0.010000
0 0.628750 0.395000 0.010000 0.010000
0 0.270000 0.565000 0.010000 0.010000
0 0.640000 0.563750 0.010000 0.010000
0 0.842500 0.350000 0.010000 0.010000
0 0.007500 0.705000 0.010000 0.010000
0 0.077500 0.506250 0.010000 0.010000
0 0.192500 0.715000 0.010000 0.010000
0 0.383750 0.305000 0.010000 0.010000
0 0.581250 0.590000 0.010000 0.010000
0 0.071250 0.440000 0.010000 0.010000
0 0.005000 0.675000 0.010000 0.010000
0 0.995000 0.733750 0.010000 0.010000
0 0.453750 0.403750 0.010000 0.010000
0 0.597500 0.725000 0.010000 0.010000
0 0.043750 0.682500 0.010000 0.010000
0 0.532500 0.552500 0.010000 0.010000
0 0.218750 0.720000 0.010000 0.010000
0 0.351250 0.716250 0.010000 0.010000
0 0.740000 0.587500 0.010000 0.010000
0 0.696250 0.685000 0.010000 0.010000
0 0.295000 0.716250 0.010000 0.010000
0 0.238750 0.552500 0.010000 0.010000
0 0.430000 0.585000 0.010000 0.010000
0 0.150000 0.437500 0.010000 0.010000
0 0.790000 0.550000 0.010000 0.010000
0 0.880000 0.655000 0.010000 0.010000
0 0.571250 0.700000 0.010000 0.010000
0 0.892500 0.655000 0.010000 0.010000
0 0.567500 0.623750 0.010000 0.010000
0 0.892500 0.493750 0.010000 0.010000
0 0.052500 0.627500 0.010000 0.010000
0 0.280000 0.610000 0.010000 0.010000
0 0.630000 0.472500 0.010000 0.010000
0 0.297500 0.610000 0.010000 0.010000
0 0.972500 0.790000 0.010000 0.010000
0 0.412500 0.790000 0.010000 0.010000
0 0.725000 0.285000 0.010000 0.010000
0 0.873750 0.488750 0.010000 0.010000
0 0.625000 0.646250 0.010000 0.010000
0 0.958750 0.485000 0.010000 0.010000
0 0.608750 0.450000 0.010000 0.010000
0 0.983750 0.340000 0.010000 0.010000
0 0.443750 0.802500 0.010000 0.010000
0 0.946250 0.612500 0.010000 0.010000
0 0.691250 0.612500 0.010000 0.010000
0 0.457500 0.796250 0.010000 0.010000
0 0.581250 0.455000 0.010000 0.010000
0 0.778750 0.471250 0.010000 0.010000
0 0.356250 0.638750 0.010000 0.010000
0 0.015000 0.615000 0.010000 0.010000
0 0.727500 0.628750 0.010000 0.010000
0 0.817500 0.615000 0.010000 0.010000
0 0.113750 0.617500 0.010000 0.010000
0 0.551250 0.798750 0.010000 0.010000
0 0.352500 0.628750 0.010000 0.010000
0 0.933750 0.632500 0.010000 0.010000
0 0.855000 0.503750 0.010000 0.010000
0 0.035000 0.367500 0.010000 0.010000
0 0.416250 0.620000 0.010000 0.010000
0 0.643750 0.810000 0.010000 0.010000
0 0.431250 0.382500 0.010000 0.010000
0 0.895000 0.773750 0.010000 0.010000
0 0.963750 0.337500 0.010000 0.010000
0 0.995000 0.453750 0.010000 0.010000
0 0.870000 0.457500 0.010000 0.010000
0 0.297500 0.653750 0.010000 0.010000
0 0.315000 0.652500 0.010000 0.010000
0 0.785000 0.781250 0.010000 0.010000
0 0.891250 0.780000 0.010000 0.010000
0 0.681250 0.810000 0.010000 0.010000
0 0.600000 0.425000 0.010000 0.010000
0 0.236250 0.601250 0.010000 0.010000
0 0.650000 0.460000 0.010000 0.010000
0 0.276250 0.782500 0.010000 0.010000
0 0.910000 0.628750 0.010000 0.010000
0 0.925000 0.460000 0.010000 0.010000
0 0.663750 0.497500 0.010000 0.010000
0 0.370000 0.650000 0.010000 0.010000
0 0.922500 0.787500 0.010000 0.010000
0 0.060000 0.787500 0.010000 0.010000
0 0.350000 0.648750 0.010000 0.010000
0 0.265000 0.623750 0.010000 0.010000
0 0.776250 0.462500 0.010000 0.010000
0 0.827500 0.650000 0.010000 0.010000
0 0.418750 0.382500 0.010000 0.010000
0 0.297500 0.007500 0.011250 0.011250
0 0.577500 0.627500 0.011250 0.011250
0 0.880000 0.017500 0.011250 0.011250
0 0.555000 0.402500 0.011250 0.011250
0 0.355000 0.935000 0.011250 0.011250
0 0.530000 0.185000 0.011250 0.011250
0 0.290000 0.362500 0.011250 0.011250
0 0.097500 0.695000 0.011250 0.011250
0 0.042500 0.187500 0.011250 0.011250
0 0.980000 0.950000 0.011250 0.011250
0 0.197500 0.697500 0.011250 0.011250
0 0.037500 0.645000 0.011250 0.011250
0 0.472500 0.287500 0.011250 0.011250
0 0.895000 0.160000 0.011250 0.011250
0 0.497500 0.657500 0.011250 0.011250
0 0.352500 0.162500 0.011250 0.011250
0 0.792500 0.160000 0.011250 0.011250
0 0.785000 0.660000 0.011250 0.011250
0 0.560000 0.600000 0.011250 0.011250
0 0.230000 0.652500 0.011250 0.011250
0 0.715000 0.592500 0.011250 0.011250
0 0.407500 0.665000 0.011250 0.011250
0 0.552500 0.032500 0.011250 0.011250
0 0.885000 0.427500 0.011250 0.011250
0 0.950000 0.382500 0.011250 0.011250
0 0.107500 0.592500 0.011250 0.011250
0 0.187500 0.592500 0.011250 0.011250
0 0.865000 0.347500 0.011250 0.011250
0 0.157500 0.012500 0.011250 0.011250
0 0.845000 0.147500 0.011250 0.011250
0 0.842500 0.647500 0.011250 0.011250
0 0.050000 0.045000 0.011250 0.011250
0 0.830000 0.147500 0.011250 0.011250
0 0.262500 0.202500 0.011250 0.011250
0 0.975000 0.382500 0.011250 0.011250
0 0.415000 0.405000 0.011250 0.011250
0 0.807500 0.402500 0.011250 0.011250
0 0.832500 0.332500 0.011250 0.011250
0 0.415000 0.035000 0.011250 0.011250
0 0.960000 0.402500 0.011250 0.011250
0 0.722500 0.632500 0.011250 0.011250
0 0.852500 0.645000 0.011250 0.011250
0 0.515000 0.395000 0.011250 0.011250
0 0.890000 0.597500 0.011250 0.011250
0 0.847500 0.215000 0.011250 0.011250
0 0.187500 0.127500 0.011250 0.011250
0 0.355000 0.835000 0.011250 0.011250
0 0.182500 0.480000 0.011250 0.011250
0 0.210000 0.550000 0.011250 0.011250
0 0.077500 0.355000 0.011250 0.011250
0 0.025000 0.352500 0.011250 0.011250
0 0.185000 0.837500 0.011250 0.011250
0 0.495000 0.515000 0.011250 0.011250
0 0.122500 0.857500 0.011250 0.011250
0 0.175000 0.265000 0.011250 0.011250
0 0.807500 0.785000 0.011250 0.011250
0 0.740000 0.500000 0.011250 0.011250
0 0.005000 0.052500 0.010000 0.010000
0 0.937500 0.365000 0.011250 0.011250
0 0.272500 0.055000 0.011250 0.011250
0 0.860000 0.875000 0.011250 0.011250
0 0.540000 0.517500 0.011250 0.011250
0 0.605000 0.852500 0.011250 0.011250
0 0.600000 0.497500 0.011250 0.011250
0 0.190000 0.762500 0.011250 0.011250
0 0.065000 0.060000 0.011250 0.011250
0 0.265000 0.757500 0.011250 0.011250
0 0.127500 0.475000 0.011250 0.011250
0 0.797500 0.242500 0.011250 0.011250
0 0.847500 0.305000 0.011250 0.011250
0 0.970000 0.930000 0.011250 0.011250
0 0.820000 0.122500 0.011250 0.011250
0 0.725000 0.355000 0.011250 0.011250
0 0.732500 0.075000 0.011250 0.011250
0 0.130000 0.862500 0.011250 0.011250
0 0.620000 0.715000 0.011250 0.011250
0 0.157500 0.240000 0.011250 0.011250
0 0.457500 0.807500 0.011250 0.011250
0 0.835000 0.860000 0.011250 0.011250
0 0.840000 0.797500 0.011250 0.011250
0 0.027500 0.437500 0.011250 0.011250
0 0.962500 0.877500 0.011250 0.011250
0 0.077500 0.867500 0.011250 0.011250
0 0.872500 0.805000 0.011250 0.011250
0 0.552500 0.282500 0.011250 0.011250
0 0.305000 0.112500 0.011250 0.011250
0 0.872500 0.110000 0.011250 0.011250
0 0.005000 0.797500 0.010000 0.010000
0 0.252500 0.805000 0.011250 0.011250
0 0.435000 0.832500 0.011250 0.011250
0 0.115000 0.372500 0.012500 0.012500
0 0.210000 0.502500 0.012500 0.012500
0 0.452500 0.428750 0.012500 0.012500
0 0.617500 0.638750 0.012500 0.012500
0 0.567500 0.501250 0.012500 0.012500
0 0.025000 0.450000 0.012500 0.012500
0 0.682500 0.345000 0.012500 0.012500
0 0.503750 0.430000 0.012500 0.012500
0 0.323750 0.075000 0.012500 0.012500
0 0.547500 0.180000 0.012500 0.012500
0 0.962500 0.063750 0.012500 0.012500
0 0.472500 0.360000 0.012500 0.012500
0 0.050000 0.453750 0.012500 0.012500
0 0.937500 0.035000 0.012500 0.012500
0 0.005000 0.037500 0.012500 0.012500
0 0.648750 0.040000 0.012500 0.012500
0 0.832500 0.040000 0.012500 0.012500
0 0.472500 0.045000 0.012500 0.012500
0 0.282500 0.182500 0.012500 0.012500
0 0.703750 0.472500 0.012500 0.012500
0 0.982500 0.180000 0.012500 0.012500
0 0.557500 0.477500 0.012500 0.012500
0 0.515000 0.048750 0.012500 0.012500
0 0.856250 0.483750 0.012500 0.012500
0 0.885000 0.696250 0.012500 0.012500
0 0.158750 0.050000 0.012500 0.012500
0 0.375000 0.032500 0.012500 0.012500
0 0.630000 0.450000 0.012500 0.012500
0 0.240000 0.363750 0.012500 0.012500
0 0.512500 0.172500 0.012500 0.012500
0 0.847500 0.341250 0.012500 0.012500
0 0.582500 0.447500 0.012500 0.012500
0 0.990000 0.081250 0.012500 0.012500
0 0.315000 0.078750 0.012500 0.012500
0 0.036250 0.101250 0.012500 0.012500
0 0.357500 0.590000 0.012500 0.012500
0 0.622500 0.100000 0.012500 0.012500
0 0.875000 0.356250 0.012500 0.012500
0 0.601250 0.107500 0.012500 0.012500
0 0.175000 0.110000 0.012500 0.012500
0 0.470000 0.108750 0.012500 0.012500
0 0.345000 0.465000 0.012500 0.012500
0 0.088750 0.022500 0.012500 0.012500
0 0.540000 0.140000 0.012500 0.012500
0 0.596250 0.016250 0.012500 0.012500
0 0.941250 0.585000 0.012500 0.012500
0 0.107500 0.435000 0.012500 0.012500
0 0.742500 0.111250 0.012500 0.012500
0 0.387500 0.113750 0.012500 0.012500
0 0.575000 0.586250 0.012500 0.012500
0 0.826250 0.583750 0.012500 0.012500
0 0.092500 0.581250 0.012500 0.012500
0 0.642500 0.575000 0.012500 0.012500
0 0.792500 0.018750 0.012500 0.012500
0 0.800000 0.560000 0.012500 0.012500
0 0.733750 0.120000 0.012500 0.012500
0 0.492500 0.812500 0.012500 0.012500
0 0.195000 0.025000 0.012500 0.012500
0 0.907500 0.096250 0.012500 0.012500
0 0.760000 0.095000 0.012500 0.012500
0 0.640000 0.095000 0.012500 0.012500
0 0.657500 0.016250 0.012500 0.012500
0 0.900000 0.015000 0.012500 0.012500
0 0.937500 0.502500 0.012500 0.012500
0 0.645000 0.431250 0.012500 0.012500
0 0.858750 0.443750 0.012500 0.012500
0 0.050000 0.507500 0.012500 0.012500
0 0.175000 0.352500 0.012500 0.012500
0 0.277500 0.160000 0.012500 0.012500
0 0.053750 0.158750 0.012500 0.012500
0 0.060000 0.508750 0.012500 0.012500
0 0.773750 0.082500 0.012500 0.012500
0 0.686250 0.597500 0.012500 0.012500
0 0.222500 0.732500 0.012500 0.012500
0 0.163750 0.445000 0.012500 0.012500
0 0.238750 0.090000 0.012500 0.012500
0 0.800000 0.087500 0.012500 0.012500
0 0.563750 0.527500 0.012500 0.012500
0 0.605000 0.592500 0.012500 0.012500
0 0.691250 0.150000 0.012500 0.012500
0 0.641250 0.025000 0.012500 0.012500
0 0.173750 0.150000 0.012500 0.012500
0 0.521250 0.090000 0.012500 0.012500
0 0.762500 0.440000 0.012500 0.012500
0 0.831250 0.535000 0.012500 0.012500
0 0.390000 0.147500 0.012500 0.012500
0 0.197500 0.093750 0.012500 0.012500
0 0.277500 0.087500 0.012500 0.012500
0 0.840000 0.553750 0.012500 0.012500
0 0.510000 0.032500 0.012500 0.012500
0 0.055000 0.183750 0.012500 0.012500
0 0.110000 0.285000 0.012500 0.012500
0 0.750000 0.395000 0.012500 0.012500
0 0.622500 0.775000 0.012500 0.012500
0 0.685000 0.310000 0.012500 0.012500
0 0.035000 0.396250 0.012500 0.012500
0 0.367500 0.237500 0.012500 0.012500
0 0.111250 0.928750 0.012500 0.012500
0 0.706250 0.391250 0.012500 0.012500
0 0.421250 0.312500 0.012500 0.012500
0 0.291250 0.782500 0.012500 0.012500
0 0.957500 0.233750 0.012500 0.012500
0 0.465000 0.783750 0.012500 0.012500
0 0.345000 0.932500 0.012500 0.012500
0 0.388750 0.932500 0.012500 0.012500
0 0.140000 0.005000 0.012500 0.012500
0 0.711250 0.857500 0.012500 0.012500
0 0.636250 0.940000 0.012500 0.012500
0 0.375000 0.855000 0.012500 0.012500
0 0.606250 0.695000 0.012500 0.012500
0 0.427500 0.695000 0.012500 0.012500
0 0.235000 0.695000 0.012500 0.012500
0 0.240000 0.230000 0.012500 0.012500
0 0.197500 0.855000 0.012500 0.012500
0 0.136250 0.696250 0.012500 0.012500
0 0.397500 0.787500 0.012500 0.012500
0 0.012500 0.261250 0.012500 0.012500
0 0.018750 0.397500 0.012500 0.012500
0 0.910000 0.388750 0.012500 0.012500
0 0.360000 0.261250 0.012500 0.012500
0 0.718750 0.862500 0.012500 0.012500
0 0.340000 0.920000 0.012500 0.012500
0 0.466250 0.241250 0.012500 0.012500
0 0.093750 0.766250 0.012500 0.012500
0 0.185000 0.258750 0.012500 0.012500
0 0.877500 0.760000 0.012500 0.012500
0 0.155000 0.882500 0.012500 0.012500
0 0.351250 0.878750 0.012500 0.012500
0 0.635000 0.877500 0.012500 0.012500
0 0.023750 0.771250 0.012500 0.012500
0 0.061250 0.290000 0.012500 0.012500
0 0.143750 0.890000 0.012500 0.012500
0 0.186250 0.297500 0.012500 0.012500
0 0.556250 0.875000 0.012500 0.012500
0 0.092500 0.747500 0.012500 0.012500
0 0.527500 0.875000 0.012500 0.012500
0 0.266250 0.690000 0.012500 0.012500
0 0.887500 0.873750 0.012500 0.012500
0 0.655000 0.872500 0.012500 0.012500
0 0.285000 0.867500 0.012500 0.012500
0 0.528750 0.300000 0.012500 0.012500
0 0.025000 0.735000 0.012500 0.012500
0 0.848750 0.900000 0.012500 0.012500
0 0.152500 0.868750 0.012500 0.012500
0 0.706250 0.867500 0.012500 0.012500
0 0.016250 0.625000 0.012500 0.012500
0 0.303750 0.907500 0.012500 0.012500
0 0.591250 0.907500 0.012500 0.012500
0 0.100000 0.910000 0.012500 0.012500
0 0.312500 0.915000 0.012500 0.012500
0 0.261250 0.866250 0.012500 0.012500
0 0.577500 0.893750 0.012500 0.012500
0 0.331250 0.687500 0.012500 0.012500
0 0.667500 0.790000 0.012500 0.012500
0 0.568750 0.951250 0.012500 0.012500
0 0.405000 0.820000 0.012500 0.012500
0 0.443750 0.655000 0.012500 0.012500
0 0.181250 0.792500 0.012500 0.012500
0 0.890000 0.217500 0.012500 0.012500
0 0.550000 0.995000 0.012500 0.012500
0 0.587500 0.807500 0.012500 0.012500
0 0.965000 0.277500 0.012500 0.012500
0 0.570000 0.215000 0.012500 0.012500
0 0.930000 0.213750 0.012500 0.012500
0 0.153750 0.327500 0.012500 0.012500
0 0.531250 0.277500 0.012500 0.012500
0 0.066250 0.203750 0.012500 0.012500
0 0.675000 0.647500 0.012500 0.012500
0 0.942500 0.811250 0.012500 0.012500
0 0.041250 0.012500 0.012500 0.012500
0 0.445000 0.640000 0.012500 0.012500
0 0.120000 0.335000 0.012500 0.012500
0 0.497500 0.415000 0.012500 0.012500
0 0.532500 0.813750 0.012500 0.012500
0 0.780000 0.417500 0.012500 0.012500
0 0.507500 0.635000 0.012500 0.012500
0 0.030000 0.013750 0.012500 0.012500
0 0.932500 0.277500 0.012500 0.012500
0 0.763750 0.337500 0.012500 0.012500
0 0.105000 0.632500 0.012500 0.012500
0 0.111250 0.812500 0.012500 0.012500
0 0.355000 0.013750 0.012500 0.012500
0 0.680000 0.422500 0.012500 0.012500
0 0.400000 0.185000 0.012500 0.012500
0 0.683750 0.332500 0.012500 0.012500
0 0.340000 0.822500 0.012500 0.012500
0 0.475000 0.992500 0.012500 0.012500
0 0.720000 0.878750 0.012500 0.012500
0 0.725000 0.970000 0.012500 0.012500
0 0.280000 0.667500 0.012500 0.012500
0 0.693750 0.965000 0.012500 0.012500
0 0.870000 0.320000 0.012500 0.012500
0 0.302500 0.837500 0.012500 0.012500
0 0.097500 0.962500 0.012500 0.012500
0 0.387500 0.667500 0.012500 0.012500
0 0.502500 0.833750 0.012500 0.012500
0 0.092500 0.317500 0.012500 0.012500
0 0.713750 0.227500 0.012500 0.012500
0 0.806250 0.980000 0.012500 0.012500
0 0.355000 0.670000 0.012500 0.012500
0 0.338750 0.797500 0.012500 0.012500
0 0.632500 0.980000 0.012500 0.012500
0 0.936250 0.410000 0.012500 0.012500
0 0.111250 0.660000 0.012500 0.012500
0 0.297500 0.985000 0.012500 0.012500
0 0.817500 0.985000 0.012500 0.012500
0 0.393750 0.845000 0.012500 0.012500
0 0.660000 0.676250 0.012500 0.012500
0 0.217500 0.282500 0.012500 0.012500
0 0.613750 0.656250 0.012500 0.012500
0 0.237500 0.683750 0.012500 0.012500
0 0.166250 0.327500 0.012500 0.012500
0 0.900000 0.980000 0.012500 0.012500
0 0.656250 0.835000 0.012500 0.012500
0 0.425000 0.267500 0.013750 0.013750
0 0.215000 0.087500 0.013750 0.013750
0 0.467500 0.260000 0.013750 0.013750
0 0.665000 0.262500 0.013750 0.013750
0 0.060000 0.367500 0.013750 0.013750
0 0.547500 0.045000 0.013750 0.013750
0 0.960000 0.772500 0.013750 0.013750
0 0.130000 0.037500 0.013750 0.013750
0 0.972500 0.470000 0.013750 0.013750
0 0.702500 0.362500 0.013750 0.013750
0 0.167500 0.867500 0.013750 0.013750
0 0.357500 0.865000 0.013750 0.013750
0 0.162500 0.505000 0.013750 0.013750
0 0.340000 0.042500 0.013750 0.013750
0 0.390000 0.362500 0.013750 0.013750
0 0.182500 0.870000 0.013750 0.013750
0 0.977500 0.475000 0.013750 0.013750
0 0.400000 0.117500 0.013750 0.013750
0 0.507500 0.162500 0.013750 0.013750
0 0.630000 0.555000 0.013750 0.013750
0 0.780000 0.142500 0.013750 0.013750
0 0.370000 0.962500 0.013750 0.013750
0 0.372500 0.737500 0.013750 0.013750
0 0.537500 0.327500 0.013750 0.013750
0 0.540000 0.120000 0.013750 0.013750
0 0.622500 0.437500 0.013750 0.013750
0 0.602500 0.122500 0.013750 0.013750
0 0.275000 0.657500 0.013750 0.013750
0 0.602500 0.937500 0.013750 0.013750
0 0.145000 0.940000 0.013750 0.013750
0 0.225000 0.945000 0.013750 0.013750
0 0.152500 0.977500 0.013750 0.013750
0 0.487500 0.135000 0.013750 0.013750
0 0.220000 0.975000 0.013750 0.013750
0 0.892500 0.240000 0.013750 0.013750
0 0.120000 0.990000 0.013750 0.013750
0 0.275000 0.230000 0.013750 0.013750
0 0.590000 0.885000 0.013750 0.013750
0 0.902500 0.757500 0.013750 0.013750
0 0.055000 0.380000 0.013750 0.013750
0 0.530000 0.380000 0.013750 0.013750
0 0.122500 0.615000 0.013750 0.013750
0 0.932500 0.100000 0.013750 0.013750
0 0.017500 0.545000 0.013750 0.013750
0 0.950000 0.225000 0.013750 0.013750
0 0.475000 0.015000 0.013750 0.013750
0 0.817500 0.745000 0.013750 0.013750
0 0.290000 0.740000 0.013750 0.013750
0 0.015000 0.230000 0.013750 0.013750
0 0.572500 0.167500 0.013750 0.013750
0 0.602500 0.217500 0.013750 0.013750
0 0.365000 0.602500 0.013750 0.013750
0 0.460000 0.647500 0.013750 0.013750
0 0.245000 0.672500 0.013750 0.013750
0 0.851250 0.433750 0.015000 0.015000
0 0.801250 0.333750 0.015000 0.015000
0 0.791250 0.302500 0.015000 0.015000
0 0.182500 0.030000 0.015000 0.015000
0 0.228750 0.077500 0.015000 0.015000
0 0.911250 0.028750 0.015000 0.015000
0 0.297500 0.022500 0.015000 0.015000
0 0.133750 0.591250 0.015000 0.015000
0 0.871250 0.701250 0.015000 0.015000
0 0.496250 0.535000 0.015000 0.015000
0 0.036250 0.842500 0.015000 0.015000
0 0.026250 0.703750 0.015000 0.015000
0 0.080000 0.007500 0.015000 0.015000
0 0.657500 0.111250 0.015000 0.015000
0 0.847500 0.007500 0.015000 0.015000
0 0.862500 0.112500 0.015000 0.015000
0 0.863750 0.811250 0.015000 0.015000
0 0.993750 0.697500 0.015000 0.015000
0 0.250000 0.700000 0.015000 0.015000
0 0.622500 0.050000 0.015000 0.015000
0 0.485000 0.795000 0.015000 0.015000
0 0.511250 0.960000 0.015000 0.015000
0 0.321250 0.976250 0.015000 0.015000
0 0.111250 0.225000 0.015000 0.015000
0 0.197500 0.222500 0.015000 0.015000
0 0.520000 0.651250 0.015000 0.015000
0 0.805000 0.206250 0.015000 0.015000
0 0.167500 0.715000 0.015000 0.015000
0 0.517500 0.810000 0.015000 0.015000
0 0.828750 0.835000 0.015000 0.015000
0 0.508750 0.837500 0.015000 0.015000
0 0.762500 0.795000 0.015000 0.015000
0 0.788750 0.790000 0.015000 0.015000
0 0.161250 0.262500 0.015000 0.015000
0 0.137500 0.766250 0.015000 0.015000
0 0.167500 0.366250 0.015000 0.015000
0 0.620000 0.286250 0.015000 0.015000
0 0.155000 0.746250 0.015000 0.015000
0 0.608750 0.365000 0.015000 0.015000
0 0.743750 0.607500 0.015000 0.015000
0 0.290000 0.547500 0.015000 0.015000
0 0.885000 0.573750 0.015000 0.015000
0 0.603750 0.351250 0.015000 0.015000
0 0.762500 0.532500 0.015000 0.015000
0 0.098750 0.090000 0.015000 0.015000
0 0.087500 0.343750 0.015000 0.015000
0 0.841250 0.110000 0.015000 0.015000
0 0.580000 0.516250 0.015000 0.015000
0 0.090000 0.602500 0.015000 0.015000
0 0.621250 0.486250 0.015000 0.015000
0 0.182500 0.500000 0.015000 0.015000
0 0.345000 0.542500 0.016250 0.016250
0 0.035000 0.880000 0.016250 0.016250
0 0.027500 0.922500 0.016250 0.016250
0 0.820000 0.225000 0.016250 0.016250
0 0.090000 0.262500 0.016250 0.016250
0 0.045000 0.957500 0.016250 0.016250
0 0.482500 0.027500 0.016250 0.016250
0 0.285000 0.697500 0.016250 0.016250
0 0.055000 0.767500 0.016250 0.016250
0 0.160000 0.586250 0.017500 0.017500
0 0.916250 0.843750 0.017500 0.017500
0 0.221250 0.260000 0.017500 0.017500
0 0.037500 0.812500 0.017500 0.017500
0 0.165000 0.790000 0.017500 0.017500
0 0.422500 0.108750 0.017500 0.017500
0 0.658750 0.807500 0.017500 0.017500
0 0.272500 0.805000 0.017500 0.017500
0 0.446250 0.852500 0.017500 0.017500
0 0.561250 0.852500 0.017500 0.017500
0 0.505000 0.850000 0.017500 0.017500
0 0.291250 0.052500 0.017500 0.017500
0 0.688750 0.545000 0.017500 0.017500
0 0.725000 0.617500 0.017500 0.017500
0 0.955000 0.193750 0.017500 0.017500
0 0.468750 0.602500 0.017500 0.017500
0 0.312500 0.750000 0.017500 0.017500
0 0.403750 0.138750 0.017500 0.017500
0 0.125000 0.220000 0.017500 0.017500
0 0.710000 0.135000 0.017500 0.017500
0 0.236250 0.582500 0.017500 0.017500
0 0.940000 0.955000 0.017500 0.017500
0 0.052500 0.695000 0.017500 0.017500
0 0.696250 0.970000 0.017500 0.017500
0 0.990000 0.321250 0.017500 0.017500
0 0.670000 0.905000 0.017500 0.017500
0 0.728750 0.905000 0.017500 0.017500
0 0.920000 0.242500 0.017500 0.017500
0 0.470000 0.895000 0.017500 0.017500
0 0.560000 0.676250 0.017500 0.017500
0 0.708750 0.105000 0.017500 0.017500
0 0.575000 0.235000 0.018750 0.018750
0 0.152500 0.177500 0.018750 0.018750
0 0.200000 0.880000 0.018750 0.018750
0 0.130000 0.447500 0.018750 0.018750
0 0.655000 0.480000 0.018750 0.018750
0 0.450000 0.190000 0.018750 0.018750
0 0.677500 0.080000 0.018750 0.018750
0 0.977500 0.990000 0.018750 0.018750
0 0.262500 0.725000 0.018750 0.018750
0 0.356250 0.100000 0.020000 0.020000
0 0.238750 0.102500 0.020000 0.020000
0 0.957500 0.947500 0.020000 0.020000
0 0.145000 0.941250 0.020000 0.020000
0 0.856250 0.570000 0.020000 0.020000
0 0.130000 0.037500 0.020000 0.020000
0 0.007500 0.496250 0.020000 0.020000
0 0.857500 0.990000 0.020000 0.020000
0 0.442500 0.336250 0.020000 0.020000
0 0.110000 0.160000 0.020000 0.020000
0 0.880000 0.197500 0.020000 0.020000
0 0.907500 0.253750 0.020000 0.020000
0 0.712500 0.822500 0.020000 0.020000
0 0.405000 0.797500 0.020000 0.020000
0 0.837500 0.490000 0.020000 0.020000
0 0.551250 0.160000 0.020000 0.020000
0 0.026250 0.487500 0.020000 0.020000
0 0.843750 0.123750 0.020000 0.020000
0 0.422500 0.042500 0.021250 0.021250
0 0.580000 0.920000 0.021250 0.021250
0 0.670000 0.327500 0.021250 0.021250
0 0.012500 0.300000 0.021250 0.021250
0 0.675000 0.957500 0.021250 0.021250
0 0.725000 0.967500 0.021250 0.021250
0 0.772500 0.395000 0.021250 0.021250
0 0.328750 0.775000 0.022500 0.022500
0 0.081250 0.885000 0.022500 0.022500
0 0.911250 0.422500 0.022500 0.022500
0 0.811250 0.741250 0.022500 0.022500
0 0.612500 0.137500 0.022500 0.022500
0 0.167500 0.692500 0.023750 0.023750
0 0.280000 0.977500 0.023750 0.023750
0 0.610000 0.632500 0.023750 0.023750
0 0.772500 0.615000 0.023750 0.023750
0 0.076250 0.852500 0.025000 0.025000
0 0.576250 0.793750 0.025000 0.025000
0 0.758750 0.322500 0.025000 0.025000
0 0.943750 0.855000 0.025000 0.025000
0 0.775000 0.507500 0.026250 0.026250
0 0.822500 0.917500 0.026250 0.026250
0 0.748750 0.182500 0.027500 0.027500
0 0.746250 0.421250 0.027500 0.027500
0 0.091250 0.105000 0.027500 0.027500
0 0.305000 0.687500 0.027500 0.027500
0 0.765000 0.226250 0.027500 0.027500
0 0.900000 0.072500 0.027500 0.027500
0 0.456250 0.753750 0.027500 0.027500
0 0.930000 0.307500 0.028750 0.028750
0 0.641250 0.680000 0.030000 0.030000
0 0.158750 0.838750 0.030000 0.030000
0 0.367500 0.841250 0.030000 0.030000
0 0.500000 0.331250 0.030000 0.030000
0 0.552500 0.906250 0.030000 0.030000
0 0.771250 0.572500 0.030000 0.030000
0 0.755000 0.137500 0.031250 0.031250
0 0.082500 0.452500 0.031250 0.031250
0 0.965000 0.032500 0.032500 0.032500
0 0.076250 0.550000 0.032500 0.032500
0 0.627500 0.167500 0.032500 0.032500
0 0.935000 0.691250 0.035000 0.035000
0 0.398750 0.696250 0.035000 0.035000
0 0.706250 0.176250 0.035000 0.035000
0 0.031250 0.275000 0.035000 0.035000
0 0.337500 0.900000 0.035000 0.035000
0 0.808750 0.460000 0.035000 0.035000
0 0.957500 0.082500 0.037500 0.037500
0 0.842500 0.825000 0.041250 0.041250
0 0.388750 0.018750 0.042500 0.042500
0 0.945000 0.115000 0.045000 0.045000
0 0.462500 0.567500 0.046250 0.046250
0 0.321250 0.088750 0.047500 0.047500
0 0.947500 0.572500 0.055000 0.055000
0 0.327500 0.140000 0.060000 0.060000
0 0.705000 0.257500 0.062500 0.062500
0 0.413750 0.405000 0.065000 0.065000
0 0.440000 0.948750 0.070000 0.070000
0 0.612500 0.322500 0.077500 0.077500
0 0.312500 0.226250 0.097500 0.097500
0 0.271250 0.110000 0.097500 0.097500
0 0.548750 0.382500 0.105000 0.105000
0 0.456250 0.127500 0.107500 0.107500
0 0.735000 0.725000 0.111250 0.111250
0 0.863750 0.688750 0.122500 0.122500
0 0.305000 0.407500 0.182500 0.182500